#WordNet_offset	Geonames_ID	lat	lon
08769439	3247449	50.776635609734	6.08342170715332
08780510	661883	60.25	20
08762243	2624886	57.0479990421469	9.91870164871216
08850663	2803450	50.766667	4.866667
09186064	2661878	47.6	8.2166667
08762104	2624652	56.1567365813134	10.2107620239258
08911602	145459	30.3525	48.2958333
08895148	2657835	51.715	-3.4541667
09153570	5785243	46.9753708	-123.8157218
09139380	5225857	45.4646985	-98.4864829
09094093	4346913	39.5095556	-76.1641197
08892186	2657832	57.1333333	-2.1
08736779	2293538	5.3411111	-4.0280556
09321694	2533286	35.9	-5.41
09142674	4669635	32.4487364	-99.7331439
09088151	4267354	38.9172216	-97.2139094
09019355	6643410	42.7908342	41.1599366
08804154	3175120	42.0833333	13.6666667
08974171	2352778	9.0833333	7.5333333
09186225	362288	31.3219444	30.0608333
09040299	2078046	-21.4166667	118.9
08778061	337996	8	38
08821187	5882022	47.183412452	-80.466420183
08742205	3533462	16.8633623899124	-99.8900985717773
08793310	295721	32.9236111	35.0727778
08946564	2306104	5.55	-0.2166667
08782490	265712	38.1333333	22
09187204	3866949	-32.65	-70
08985345	3373385	37.7405847888583	-25.6728172302246
08811812	2525764	37.320839	13.588759
08854725	3665474	-9	-70
08786161	265389	38.95	20.7666667
01268457	265389	38.95	20.7666667
09040839	323777	36.9125	30.6897222
09187407	5785294	46.202621	-121.4906384
09040475	325363	37.0016667	35.3288889
08834543	2078025	-34.9333333	138.6
09164903	415189	12.7794444	45.0366667
09187743	3183470	45.1627778	12.3280556
08916111	747712	41.6771911170571	26.5559720993042
09188383	3183462	43	16
09019592	615962	41.6666667	42
08782847	265501	37.7316667	23.4911111
08762495	223816	11.5	42.5
08703454	1149361	33	65
09189411	6255146	7.18810087117902	21.09375
08904115	1279260	24.9833333	77.4166667
09191707	2657602	53.7230721716976	-0.871181488037109
09055015	5879092	64.0002778	-150.0002778
08927678	250774	29.5266667	35.0077778
09020119	6300914	51.022222	71.466944
09130452	5145476	41.0814447	-81.5190053
09053185	4829764	32.7504062	-86.7502625
09165146	79415	14.7977778	42.9522222
08913434	99237	33	44
08969291	2542007	32	-5
09165294	78754	14.53	49.1313889
09034402	173576	35.5166667	35.7833333
08994339	109223	24.4686111	39.6141667
08898633	360630	30.05	31.25
09191875	4829738	31.136009	-87.943331
08704822	783754	41	20
08705091	3183875	41.3275	19.8188889
09118313	5106834	42.6525793	-73.7562317
09076533	4179320	31.5785074	-84.155741
08822202	5883102	52.283328931	-117.469001862
09115315	5454711	35.0844909	-106.6511367
09034286	170063	36.2027778	37.1586111
09091285	4314550	31.3112936	-92.4451371
08898187	361058	31.1980556	29.9191667
08705397	2589581	28	3
08706058	2507480	36.7630556	3.0505556
09192973	5178060	40.4434025	-80.0150536
09134999	5178128	40.4275693	-79.9939418
09020299	1526384	43.25	76.95
09078231	5855797	20.7502778	-156.5002778
09100080	4984075	45.0616794	-83.4327528
09194357	2661786	46.4166667	10
08940209	3038033	48.5	7.5
09135142	5178195	40.5186809	-78.3947359
09142771	5516233	35.2219971	-101.8312969
09195372	3407729	-49	-0.1666667
09044862	6252001	39.76	-98.5
09195615	6252001	39.76	-98.5
09070793	4140963	38.8951118	-77.0363658
08991878	5880801	-14.33333	-170
08927548	250441	31.95	35.9333333
03072828	6269248	41.8901781475572	12.4923133850098
08949737	2759794	52.3730839945403	4.89990234375
09196103	2038653	52.8333333	123.2
09171376	108641	28.5	41
09062015	5323810	33.8352932	-117.9145036
09197945	1283731	28.5459257232335	83.920783996582
08701942	323835	39	35
09055906	5879400	61.2180556	-149.9002778
09196302	3924007	-15.85	-68.6
08493261	2593109	37.6	-4.5
09196611	3689900	5.5833333	-75.9166667
09023118	3041565	42.5	1.5
09197432	1511581	58.1	93
09197660	3645581	5.95	-62.5
08895928	2657310	53.2833333	-4.3333333
08707917	3351879	-12.5	18.5
08708304	2240449	-8.8383333	13.2344444
09040601	323786	39.9272222	32.8644444
08708742	3573512	18.2166667	-63.05
08940371	6455382	45.35	4.8833333
08706247	2506999	36.9	7.7666667
09163192	1562822	16.1666667	107.8333333
09094217	4347242	38.9784453	-76.4921829
09040998	323779	36.1988889	36.1605556
08962465	1070940	-18.9166667	47.5166667
09198106	6255152	-83.3595113303545	16.5234375
08709945	3576395	17.05	-61.8
08747737	3513447	12.1666667	-69
08721145	3899539	-23.65	-70.4
08850741	2803138	51.2166667	4.4166667
08807716	3183005	41.447487378113	12.627067565918
09200649	4146148	29.7257675	-84.9832435
08950035	2759706	52.21	5.969444
09200874	3182982	43	13
08991752	4035413	-13.8333333	-171.7333333
08493493	5082706	44.3711727	-71.2892431
09157555	5244080	44.2619309	-88.4153847
08810358	3169778	41.25	16.25
08804319	3175121	42.3505519866732	13.399543762207
08940517	3037350	44.5833333	1
09059274	4099753	34.7503697	-92.5004364
09172111	102788	21	51
08897065	357994	27	30
08847694	102358	25	45
09027460	3336899	41	-1
09202810	3394935	-9.8333333	-50.2
09203032	325164	39.702243	44.2979999
09203217	323694	39.9833333	42.3166667
09203481	3689720	6.8730556	-70.4797222
08790353	264644	37.5833333	22.25
08941681	3037138	45.4333333	3.55
08979590	3947322	-16.3988889	-71.535
08711974	3865483	-34	-64
08786660	264670	37.6333333	22.7333333
09205890	495656	43.0225	45.7197222
09037991	2473247	36.8625	10.1955556
09057311	5551752	34.5003037	-111.5009764
09206375	4099736	33.7751096	-91.0709427
09142887	4671240	32.735687	-97.1080656
09017526	174982	40	45
08950230	2759661	51.98	5.911111
09206693	3182820	43.6833333	10.2833333
08940670	3036644	50.5	2.5
08748794	3513952	12.15	-68.25
08923177	2130629	43.7677778	142.3702778
08926681	1865040	36.4	138.5166667
09128040	4453066	35.6009452	-82.554015
09021812	162183	37.95	58.3833333
08919241	1148235	33.69	68.19
09207288	6255147	29.8406438998344	89.296875
08777815	343300	15.3333333	38.9333333
08912012	418863	32.6597222	51.6713889
08739669	3712077	8.5	-79.9666667
08902097	1278253	26	93
08898457	359792	24.0875	32.8988889
08918944	4984481	42.464482	-85.1313852
09004358	580497	46.34	48.04
08978667	3439389	-25.2666667	-57.6666667
08785343	264371	37.9833333	23.7333333
09130599	4505542	39.3292396	-82.1012555
09076982	4180386	33.960948	-83.3779358
08785132	736572	40.157979	24.33021
09076675	4180439	33.7489954	-84.3879824
08786283	6692632	37.9203678359435	23.9035034179688
08972920	2193733	-36.8666667	174.7666667
09092822	4957003	44.3106241	-69.7794897
09077111	4180531	33.4709702	-81.9748379
02758600	3089658	50.0333333	19.2333333
08758172	3065824	49.1532541205018	16.8764920632038
09143017	4671654	30.267153	-97.7430608
08831004	2077456	-25	135
09211266	2077456	-25	135
08832269	2172517	-35.2834624726481	149.128074645996
08845555	2782113	47.3333333	13.3333333
08846324	2761369	48.2084877601653	16.3720750808716
08940835	3035876	45.3333333	3
08934313	3035681	43.95	4.8166667
09212151	2656744	51.5013163889259	-2.71207809448242
09211944	6640065	52.1672462804389	-1.85651779174805
08881153	2656749	51.4333333	-2.5
08892327	2656708	55.45	-4.6166667
08928083	250090	32.0833333	36.1
09018162	587116	40.5	47.5
08916832	98228	32.5408333	44.4241667
08917503	98228	32.5408333	44.4241667
09157163	5279468	44.5002368	-90.0004077
08914193	98182	33.3386111	44.3938889
08847268	3572887	24	-76
08848421	290372	26	50.55
08848094	290291	26	50.5
09242767	2026982	54	109
08840964	2110257	1.32914064540393	172.978019714355
09062320	5325738	35.3732921	-119.0187125
09018426	587084	40.3952778	49.8822222
09212935	3055597	46.8333333	17.75
09032483	2661604	47.5666667	7.6
08908509	1650534	-8.3333333	115
09213076	792963	43.25	25
08713772	685608	44	23
08698038	685608	44	23
09213254	5892407	46.433397439	-62.165312527
09094381	4347778	39.2903848	-76.6121893
08911726	2118	37.0361111	49.7502778
08965958	2460596	12.65	-8
08909933	6407850	-7.9094444	111.2547222
08822427	5892532	51.1762221285907	-115.569820404053
08903352	1277333	12.9762266976805	77.6032912731171
09036880	1609350	13.75	100.5166667
08848731	1210997	24	90
09092948	4957280	44.8011821	-68.7778138
08895254	2656397	53.2666667	-4.1166667
08888367	2656396	54.653378295775	-5.6689453125
08718801	2389853	4.3666667	18.5833333
08946042	2413876	13.4564084091133	-16.5812873840332
08755436	3374084	13.1666667	-59.5333333
08755214	3374085	13.1666667	-59.55
08503238	2472684	32	4
08710113	3576389	17.6333333	-61.8
09025189	3128760	41.3887868890716	2.15898513793945
08810505	3182351	41.117734	16.851185
08732807	3689147	10.9638889	-74.7963889
09062478	5326296	36.8152237	-119.9698776
09132053	4529987	36.7473114	-95.9808179
08914413	99532	30.4941667	47.8191667
08804487	3182306	40.5	16.5
08988068	3575551	17.3	-62.7166667
02805584	6545267	48.8533079782429	2.372145652771
08958830	932692	-29.5	28.25
08878202	2656173	51.3794444	-2.3655556
08706399	2505572	35.5559710497557	6.17414474487305
09110422	5509151	39.2502081	-116.7511911
01282466	2619218	56	9.25
01283565	259291	38.2	22.5
01287782	5854941	28.23472	-177.375
01288795	255293	36.9134432616112	21.6963887214661
01297706	2510212	36.182777	-6.0341667
08771596	2951840	48.5	11.5
09095023	6254926	42.3656470028119	-71.1083221435547
09113207	5095445	40.6687141	-74.1143091
08957806	276781	33.8719444	35.5097222
08795232	284315	31.7166667	35.2
09095751	4930956	42.3584308	-71.0597732
09143205	4672989	30.0860459	-94.1018461
09133010	5744337	44.0001313	-120.5013876
09155692	4798308	37.7781702	-81.1881557
09147046	5549030	39.2502391	-111.7510337
08724726	1816670	39.9074977414405	116.397228240967
08971404	1052373	-19.8436111	34.8388889
09011151	630336	53	28
08977948	2951270	54.1	10.2666667
08854855	3665035	-9.45	-62.2833333
08888479	2655984	54.5833333	-5.9333333
08850450	2800866	50.8465974826927	4.35277462005615
08734385	2260494	-1	15
08849753	2802361	50.8333333	4
08817418	792680	44.8186111	20.4680556
08737521	3582678	17.25	-88.75
09153710	5786899	48.7595529	-122.4882249
02827466	2951159	48.3948465779064	9.03870105743408
09102415	5017822	47.4735633	-94.8802767
09133364	5713587	44.0581728	-121.3153096
08710535	1252881	24	88
08960363	88319	32.1166667	20.0666667
08759420	2395170	9.5	2.25
09148422	5233742	42.8781345	-73.1967741
08765315	2802207	50.9	5.083333
09062585	5327684	37.8715926	-122.272747
08881256	2655856	51.5	-1.25
08769645	2950159	52.5166667	13.4
08710678	3573345	32.3333333	-64.75
09032321	2661552	46.9480943365053	7.44744300842285
09135246	5180225	40.6259316	-75.3704579
08900535	1269750	20	77
08852209	1252634	27.5	90.5
08987262	290030	25.2866667	51.5333333
09220046	5640304	46.1616535	-107.4486813
08905085	1275720	25.0166667	80.2833333
08839296	2080856	11.6166667	165.55
09108728	5640350	45.7832856	-108.5006904
09104474	4418478	30.3960318	-88.8853078
09124589	5109177	42.0986867	-75.9179738
08763932	2309792	3.5	8.7
09053947	4049979	33.5206608	-86.80249
08877613	2655603	52.4666667	-1.9166667
08982452	1679788	11	123.5
09020792	1528675	42.8730556	74.6002778
09129719	5688025	46.8083268	-100.7837392
08948027	2374775	11.85	-15.5833333
08878367	2655459	53.8166667	-3.05
09150284	4747827	36.7542798	-81.820401
08962951	931755	-15.7833333	35
08706502	2503769	36.4686111	2.8288889
09002325	1018724	-30.3166667	26.8
09085089	4254679	39.165325	-86.5263857
08874920	2655333	51.5222825708972	-0.122523307800293
09090389	894976	-16.6833333	30.8333333
09089139	6254925	38.2004177780005	-84.8776245117188
09226209	1816293	28.05	119.8
09252766	2947111	49.0669444	8.3527778
08789243	263441	38.3333333	23.25
08732979	3688689	4.6	-74.0833333
08758882	3078198	50	14.5
09081560	5586437	43.6135002	-116.2034505
08852843	3923057	-17	-65
08806458	3181928	44.4938114812334	11.3387489318848
08804662	3217397	45.9713889	13.3908333
08903872	1275339	19.0144100168904	72.8479385375977
08748917	3513881	12.2	-68.25
09226591	3863974	-27.85	-68.7833333
08772137	2946447	50.7333333	7.1
08934532	3031582	44.8333333	-0.5666667
08843215	1648148	1	114
08817630	3277605	44.25	17.8333333
08818135	3203633	44	18
09227219	745043	41.0572222	29.0433333
08852389	933860	-22	24
08843571	2099059	-6	155
09067721	5574991	40.0149856	-105.2705456
08941057	3030967	47	4.5
09121936	6337349	40.7302778	-73.9877778
09108586	5641727	45.6796526	-111.0385582
08985958	2742032	41.55	-8.4333333
09228144	1349796	23.9183333	90.7272222
08775597	2945358	52.4166667	12.55
08853741	3469034	-10	-55
08855308	3469058	-15.77972	-47.92972
08814333	683844	45.6486083838803	25.6061267852783
08759263	3060972	48.15	17.1166667
09148529	5234141	42.8509152	-72.5578678
08772551	2945024	52.2666667	10.5333333
09228619	5458782	36.7514028	-106.5614236
08734250	2260535	-4.2591667	15.2847222
08941208	6451880	47.6	7
08770013	2944388	53.075155679403	8.80777359008789
08770274	2944368	53.55	8.5833333
08804845	3181554	45.524782	10.227269
08984332	3081368	51.1	17.0333333
08934694	3030300	48.4	-4.4833333
09068921	5282804	41.1670412	-73.2048348
08755664	3374036	13.1	-59.6166667
08878533	2654710	50.8283849472495	-0.139474868774414
08807894	3181528	40.627731	17.936815
08832877	2174003	-27.4679357321901	153.028092384338
08878708	2654675	51.45	-2.5833333
08860123	6301961	53.593778354559	-1.8682336807251
08873622	2643743	51.5084152563931	-0.125532746315002
08948346	3381670	4	-53
08758334	3078610	49.1952226735148	16.6079592704773
09122086	4608719	35.6750692	-88.4667161
08983274	3102014	53.15	18
09119989	5110253	40.8273195113456	-73.9235687255859
09120087	5110302	40.6501038	-73.9495823
02907985	5221119	41.8262113	-71.3975559
09143321	4676740	25.9017472	-97.4974838
08851034	2800931	51.2097870885244	3.22500228881836
09093072	4959473	43.9145244	-69.9653278
09077266	2192867	-39.85	175.0166667
09042213	750269	40.1916667	29.0611111
09143549	4677008	30.6743643	-96.3699632
08814474	683506	44.4333333	26.1
02909543	2942510	50.2333333	7.1166667
09130076	5165418	40.2503398	-83.0001841
08952423	3054643	47.5	19.0833333
09118505	5110629	42.8864468	-78.8783689
09043411	430080	-2.9652778	29.1933333
08716517	425378	-3.3761111	29.36
09167652	894701	-20.15	28.5833333
08714132	732800	43	25
08714458	727011	42.6975135281805	23.324146270752
09148662	5234372	44.4758825	-73.212072
08715390	1327865	22	98
08716219	433561	-3.5	30
09108884	5642934	46.0038153	-112.5347447
08958535	273203	34.1211111	35.6480556
08800676	745044	41.0138429552247	28.9496612548828
08801099	745044	41.0138429552247	28.9496612548828
09060768	5332921	37.2502247	-119.7512643
09230500	3843796	-40.6333333	-71.65
09025451	2520600	36.5336111	-6.2994444
08795492	294716	32.5	34.8833333
09082988	4234985	37.0053293	-89.1764608
08804962	2525468	39	16.5
08934868	3029162	50.9581023419041	1.85205459594727
08903636	1275004	22.5697222	88.3697222
08891415	2638360	56	-4
08822546	5913490	51.050112282	-114.085285152
08733163	3687925	3.4372222	-76.5225
08981922	1720150	14.6533333	120.9833333
09028841	2520496	38.644696072546	0.0445032119750977
09231587	2653958	51.6966667	-2.3680556
08716738	1831722	13	105
08894456	2634895	52.5	-3.5
02942227	2653942	51.7333333	-2.3666667
09096664	4931972	42.375097	-71.1056079
08878016	2653942	51.7333333	-2.3666667
09113333	4501018	39.9259463	-75.1196199
08558289	4501028	39.9606735	-74.2148645
09173623	2233384	3.9	9.4666667
08717209	2233387	6	12
08805122	3181042	41	14.5
08740617	3531732	19.85	-90.5333333
08740483	3579600	16.4333333	-61.4333333
08798382	294117	33.0058333	35.0947222
08820121	6251999	60	-96
09231890	5518214	35.91282	-100.3820772
08827486	6094817	45.4209405046496	-75.6902861595154
08821578	6087430	46.500103925	-65.998782993
09041371	749780	40.1455556	26.4063889
08902753	1431997	33.1861111	74.175
09024972	2520308	28	-15.5
08740729	3531673	21.1742875657158	-86.846559047699
08935212	3028808	43.55	7.0166667
08883772	2653877	51.2790449973579	1.07992172241211
08725454	1809858	23.1166667	113.25
01290162	2523703	36.682339	15.134598
08704237	1138958	34.5166667	69.1833333
09053801	4076784	32.3668052	-86.2999689
09055786	5554072	58.3019444	-134.4197222
09058376	5308655	33.4483771	-112.0740373
09018030	616052	40.1811111	44.5136111
08848568	290340	26.2361111	50.5830556
08849226	1185241	23.7230556	90.4086111
09011518	625144	53.9	27.5666667
08852685	933773	-24.6463889	25.9119444
09064966	5389489	38.5815719	-121.4943996
08717510	2220957	3.8666667	11.5166667
08718094	3374333	14.9166667	-23.5166667
08720280	2427123	12.1130556	15.0491667
08721559	3871336	-33.4262838490987	-70.5665588378906
09068107	5419384	39.7391536	-104.9847034
09069190	4835797	41.7637111	-72.6850932
08750612	3553478	23.1319444	-82.3641667
08757132	146268	35.1666667	33.3666667
09070233	4142290	39.158168	-75.5243682
08762823	223817	11.595	43.1480556
08777233	3652462	-0.2166667	-78.5
09012530	588409	59.4369583424862	24.7535276412964
08780018	658225	60.1755556	24.9341667
09075170	4174715	30.4382559	-84.2807329
08932568	2988507	48.85341	2.3488
08945705	2399697	0.3833333	9.45
09019194	611717	41.725	44.7908333
08947617	2422465	9.5091667	-13.7122222
09078784	5856195	21.3069444	-157.8583333
08953596	3413829	64.146027916677	-21.9422721862793
09084483	4250542	39.8017171	-89.6437107
09085593	4259418	39.7683765	-86.1580423
08909719	1642911	-6.1744444	106.8294444
08911421	112931	35.6719444	51.4244444
08889191	2964574	53.3330556	-6.2488889
08794798	281184	31.779018386012	35.2253007888794
08806897	3169070	41.9	12.4833333
08754238	3489854	17.9970194353704	-76.7935752868652
08923348	1850147	35.6895265930799	139.691677093506
09088815	4280539	39.0483336	-95.6780371
09089631	4292188	38.2009055	-84.8732836
08928582	184745	-1.2833333	36.8166667
08929555	285787	29.3697222	47.9783333
08957064	1651944	17.9666667	102.6
09013353	456172	56.95	24.1
08959105	932505	-29.3166667	27.4833333
08959495	2274895	6.3105556	-10.8047222
08960099	2210247	32.8925	13.18
08960843	3042030	47.1415114854053	9.52154159545898
09014273	6296876	54.634133	25.285767
08961402	2960316	49.6116667	6.13
08963095	927967	-13.9833333	33.7833333
08963969	6697380	2.93527273603817	101.691116094589
08966647	2562305	35.8997222	14.5147222
09101318	4998830	42.732535	-84.5555347
09105003	4431410	32.2987573	-90.1848103
09014850	618426	47.0055556	28.8575
08969123	2028462	47.9166667	106.9166667
09109180	5656882	46.5927122	-112.036109
08970445	2538475	34.02	-6.83
08971554	1040652	-25.9652778	32.5891667
09109882	5072006	40.8000011	-96.6669599
08906809	1283240	27.7166667	85.3166667
09110784	5501344	39.1637984	-119.7674034
09111754	5084868	43.2081366	-71.5375718
09113022	5105496	40.2170534	-74.7429385
08973202	2179537	-41.2785361586459	174.776639342308
08739047	3617763	12.1508333	-86.2683333
08973647	2440485	13.5166667	2.1166667
09127844	4487042	35.772096	-78.6386145
08955397	1871859	39.0194444	125.7547222
08765069	3143244	59.9132457671591	10.7389211654663
09131001	4509177	39.9611755	-82.9987942
08975435	287286	23.6133333	58.5933333
09134202	5750162	44.9428975	-123.0350963
08977035	1176615	33.6100445736956	73.05908203125
09135733	5192726	40.2737002	-76.8844179
08979878	3936456	-12.05	-77.05
08983105	861353	52.25	21
08986066	2267057	38.7166667	-9.1333333
09137451	5224151	41.8239891	-71.4128343
08815346	202061	-1.9536111	30.0605556
08993871	108410	24.6408333	46.7727778
08996118	2253354	14.6951118854684	-17.4438858032227
08996714	241131	-4.6166667	55.45
08997132	2409306	8.49	-13.2341667
08997801	1880252	1.2930556	103.8558333
08998853	53654	2.03913722186582	45.3419172763824
09000272	964137	-25.7069444	28.2294444
09138358	4575352	34.0007104	-81.0348144
09139508	5767918	44.3683156	-100.3509665
08955951	1835848	37.5663889	126.9997222
09024467	3117735	40.4165020941502	-3.70256423950195
08719465	1248991	6.9319444	79.8477778
09030210	379252	15.5880556	32.5341667
09031061	3383330	5.8333333	-55.1666667
09031501	934985	-26.3166667	31.1333333
08766236	2673730	59.3325765361753	18.0649030208588
09033936	170654	33.5	36.3
08730895	1668341	25.0391667	121.525
09021313	1221874	38.56	68.7738889
09141297	4644585	36.1658899	-86.7844432
08847570	3571824	25.0833333	-77.35
08981746	1701668	14.6041667	120.9822222
09004068	524901	55.7522222	37.6155556
09015907	703448	50.4333333	30.5166667
08907377	1280737	29.65	91.1
08760228	2365267	6.1319444	1.2227778
09037838	2464470	36.8027778	10.1797222
09043926	232422	0.3155556	32.5655556
09160571	3441575	-34.8580556	-56.1708333
09022538	1512569	41.3166667	69.25
09160968	2135171	-17.7333333	168.3166667
09162276	3646738	10.5	-66.9166667
09148259	5238685	44.2600593	-72.5753869
09164095	1581130	21.0333333	105.85
09150047	4781708	37.5537575	-77.4602617
09154000	5805687	47.0378741	-122.9006951
09155798	4801859	38.3498195	-81.6326235
09158024	5261457	43.0730517	-89.4012302
09159675	5821086	41.1399814	-104.8202462
09165996	909137	-15.4166667	28.2833333
09167505	890299	-17.8177778	31.0447222
02956500	4140827	38.8898341	-77.0088651
08805953	3180629	40.55	14.2166667
09083151	4235193	37.7272727	-89.2167501
08895386	2653822	51.48	-3.18
09115478	5460459	32.4206736	-104.2288375
09052835	4573647	34.5746064	-79.438103
09236423	682674	47	25.5
09025584	2520058	37.6	-0.9833333
08733415	3687244	1.3333333	-77.6
08969798	2553604	33.59	-7.61
09237076	5789316	46.8528857	-121.7603744
08975617	1267578	34.1666667	74.75
09159546	5820705	42.866632	-106.313081
09237404	4988212	46.0641218	-88.6315207
09027853	3336898	43.3333333	-4
08988861	3576812	14	-61
09028062	3336901	41.8204550961403	1.86767578125
08723006	1668284	24	121
09238674	573081	42.5	45
08982037	1681075	10.7280556	123.8261111
08980640	1717513	10.3333333	123.75
08909107	1626233	-2	121
09067277	5417618	39.0002698	-105.5008327
08941426	3027939	47.5	1.75
08718962	1227604	7.5	80.5
08719100	1227603	7	81
08935381	3027699	47.8166667	3.8
09330467	2346202	13.3333333	14
08720037	2434508	15	19
09041199	744906	40.9855556	29.0294444
08941535	6455247	48.0231	0.3338
09083255	4887158	40.1164205	-88.2433829
09330604	5112215	44.9864273	-73.4465251
09151963	4751903	38.3084627	-77.6344334
09481523	1815696	31.7866667	121.1413889
08729452	1913175	22.8	113.8
09431409	2233364	12.9668935	14.5475925
08851364	2800481	50.4166667	4.4333333
09242037	4988562	46.0144583	-84.6925499
09138538	4574324	32.7765656	-79.9309216
09128372	4460243	35.2270869	-80.8431268
08828928	5920289	46.250118315	-63.131986075
08935516	3026467	48.4468527715682	1.48924827575684
09242514	4187403	33.8084389	-84.4818749
09140569	4612862	35.0456297	-85.3096801
09004625	569665	43.3	45.7
08878885	2653281	51.2753671192012	-2.7766227722168
09010453	1508291	55.1544444	61.4297222
08770518	2940131	53.5833333	13.15
08956140	1843564	37.4536111	126.7316667
08904392	1264527	13.0878385345075	80.2784729003906
08935674	3025466	49.6398441983912	-1.61636352539062
09004495	569223	59.1333333	37.9
09016365	710403	51.2666667	30.2333333
09135993	4557137	39.849557	-75.3557458
09083390	4887398	41.850033	-87.6500523
08742578	4014338	28.6333333	-106.0833333
08742455	4014338	28.6333333	-106.0833333
08720481	3895114	-30	-71
08721286	3895071	-42.6766667	-73.9933333
09243615	3771096	2.7436111	-76.7861111
08730550	1668285	23.5	121
08782976	259972	38.4058333	26.0244444
08849372	1205733	22.3330556	91.8363889
08725161	1814906	29.5627778	106.5527778
08973064	2192362	-43.5333333	172.6333333
08824323	5922111	58.725406646	-94.116824249
09244972	5462076	36.5108691	-104.9158341
09130883	4508722	39.1620036	-84.4568863
09173777	3521567	19.0164	-97.2667
09136182	4560349	39.952335	-75.163789
08875547	2634341	51.5	-0.1166667
08742743	4013708	31.7333333	-106.4833333
09155986	4802316	39.2806451	-80.3445341
09130714	5150529	41.4994954	-81.6954088
08933437	6455396	48.9	2.3
09086894	4852022	41.8444735	-90.1887379
09247942	2652728	55.7	-3.8333333
08784581	259628	35.2986298999267	25.1602792739868
08743003	4013674	27.3333333	-102
09174015	4013510	19.5166667	-103.6333333
08772307	2886242	50.9333333	6.95
08732116	3686110	4	-72
09250016	4682620	29.9857773	-97.1341536
09249418	5417561	37.9452861	-104.8352628
09250678	5926219	48.999834334	-117.635498537
09140674	4614867	35.6150716	-87.0352831
09106502	4381982	38.9517053	-92.3340724
03073832	5113375	40.8089897	-73.9612492
09104604	4422442	33.4956744	-88.4272627
09077410	4188985	32.4609764	-84.9877094
08763193	3575830	15.5	-61.3333333
08733897	921929	-12.1666667	44.25
08721449	6300702	-36.77265	-73.063106
09096903	4933743	42.4603719	-71.3489484
09050244	4829764	32.7504062	-86.7502625
09252078	2241717	-6.0666667	12.4
08734044	203312	0	25
09068444	4831725	41.6670439	-72.6664819
09252273	5284476	41.2723203	-72.3331382
08814664	2519278	37.8666667	-5.6166667
08706823	2501152	36.365	6.6147222
09041785	745044	41.0138429552247	28.9496612548828
09118639	5113664	42.7006303	-74.924321
09255921	4189365	34.2545377	-85.3544002
08761868	2618425	55.6776812020993	12.5709342956543
09025728	2519240	37.8833333	-4.7666667
08713136	3860259	-31.4	-64.1833333
08786432	264638	37.9166667	22.8833333
08889400	2965140	51.8986111	-8.4958333
09109444	5073708	41.5002828	-99.7506736
08881398	2652354	50.128502109215	-5.70980072021484
09257280	3942179	-15.5202778	-72.6572222
08942091	3023518	42	9
08941895	3023517	42	9
08736107	3685739	10	-84
09174166	3658782	0.4833333	-78.3333333
08759852	2394819	6.35	2.4333333
09174301	3754875	-0.6891667	-78.4288889
08879867	2652221	52.4065556183991	-1.51216506958008
08983413	3094802	50.0833333	19.9166667
08808792	3177838	45.136171	10.027972
08784333	258763	35.3419447425553	25.1423835754395
09015460	703862	45	34
08817235	3194884	42.5	19.3
08815858	3202326	45.1666667	15.5
09339512	982748	-25.2	33.5333333
08750334	3562981	22	-79.5
08750151	3562993	21.5	-80
08753412	4564070	18.3030119	-65.3009914
08743125	4012176	24.7994444	-107.3897222
09162581	3644768	10.4666667	-64.1666667
09261138	4289232	36.9781475	-82.9884955
08881674	2651712	54.5833333	-2.8333333
08881549	2651712	54.5833333	-2.8333333
09262082	3661219	5.2166667	-60.85
08749042	3513790	12.1666667	-69
08855505	3464975	-25.42777778	-49.27305556
08979740	6300825	-13.535722	-71.938781
08783149	259820	37	25.1666667
08790199	260131	39.4166667	22.5666667
08756884	146669	35	33
08756735	146670	35	33
08757926	3067696	50.0878367932108	14.4241322001241
08983556	3100946	50.8	19.1166667
03158259	2939623	48.2666667	11.4333333
08954611	1873107	40	127
08727003	2003505	25.9183333	117.3072222
09053019	5762718	44.6713733	-103.852148
09143786	4684888	32.7830556	-96.8066667
08819223	3202210	43	17
09263087	2782713	48.2344211467631	16.4286804199219
08761244	2623032	56	10
08983742	3099434	54.35	18.6666667
09322701	1114951	35.8821657112851	76.5128231048584
09029884	376731	13	25
09263479	2164630	-34.1	141.75
03163081	5085271	43.7047927	-72.2925909
08835058	2073124	-12.4611336615902	130.841846466064
09333706	121800	37.5902951705219	45.439453125
09013724	460413	55.8833333	26.5333333
09086635	4853423	41.5236437	-90.5776367
08830256	5935790	64.0432125396857	-139.416675567627
09131205	4509884	39.7589478	-84.1916069
09069862	4142224	39.0003906	-75.4999224
09083659	4236895	39.8403147	-88.9548001
09054110	4058553	34.6059254	-86.9833417
09143973	5520076	29.3627296	-100.896761
09264116	5114810	42.2000858	-74.9662742
08903220	1273294	28.6666667	77.2166667
08786855	263219	38.4833333	22.5
09174457	138041	35.9558333	52.1086111
09265134	3378741	6.6666667	-58.5
08948958	3378741	6.6666667	-58.5
09349425	5860558	63.1786111	-147.4661111
09100394	4990729	42.331427	-83.0457538
08766988	2921044	51.5	10.5
08881944	2651292	50.75	-3.75
08994540	107797	26.3041667	50.1325
09266453	1283457	28.6961	83.4953
08783286	263021	36.8333333	27.0833333
08935848	3021373	45.3	2.5333333
09062184	5343229	33.8120739461308	-117.918984889984
08707035	2500275	24.5525	9.4822222
09016539	709932	48.5	34.6166667
09268236	565896	46.5	32.3
09016698	709930	48.45	34.9833333
08714624	726418	43.5666667	27.8333333
09035153	160196	-6.1833333	35.75
08763010	3575831	15.5	-61.3333333
09268778	565361	47.0608333	39.2875
09016232	709718	48.5	38.5
09016099	709717	48	37.8
08770718	2935517	51.5166667	7.45
08717629	2232593	4.0502778	9.7
08770932	2935022	51.0508910809796	13.738317489624
09044714	292223	25.2522222	55.28
08818835	3201047	42.6480700914655	18.0921649932861
09087126	4854529	42.5005583	-90.6645718
09102517	5024719	46.7832731	-92.1065787
08935978	3020686	51.05	2.3666667
08743229	4011743	24.0333333	-104.6666667
08705251	3185728	41.3230556	19.4413889
09001007	1007311	-29.85	31.0166667
09128536	4464368	35.9940329	-78.898619
08772667	2934246	51.2217225723832	6.77616119384766
08907606	1643084	-5	120
09030752	3382998	4	-56
09271415	3115311	41.6	-0.6833333
08776687	3658394	-2	-77.5
08892596	2650225	55.95	-3.2
08822742	5946768	53.550135939	-113.468712219
08950649	2756253	51.440833	5.477778
08888676	2963597	53	-8
08899577	360502	25.6989270387148	32.6420974731445
08899149	360995	30.0086111	31.2122222
08738272	3585968	13.8333333	-88.9166667
08913242	68514	31.65	53.9
09271558	2931292	51.1166667	9.2333333
08735345	922704	-11.6666667	27.4666667
08780881	390903	39	22
08840200	2110298	-8	178
09124252	5116508	40.700936	-73.712909
08859173	2646052	53.3333333	-8
09117351	5128638	43.0003472	-75.4998978
09075842	4197000	32.7504171	-83.5001803
08871007	2635167	54	-4
09132163	4535961	36.3955891	-97.8783911
08839475	4039829	11.42056	162.34056
09043556	233508	0.0644444	32.4469444
08788326	305359	37.8575	27.2611111
08787466	6697804	39.2365079548711	20.7147216796875
09159003	5843591	43.0002381	-107.5009043
09331066	5116642	42.7667263	-78.6664163
09135447	5188843	42.1292241	-80.085059
08777544	338010	15	39
09023321	2510769	40	-4
08780282	660158	60.2166667	24.6666667
08772794	2928808	52.7666667	9.05
08882061	2649889	51.8333333	0.5833333
09012297	1506928	56.7166667	73.0333333
09174718	2524810	37.7502919	14.9946648
08813807	3165361	43.4166667	11
09133500	5725846	44.0520691	-123.0867536
09274739	315147	30.5788885650376	47.7657222747803
09063125	5563397	40.8020712	-124.1636729
09275473	6255148	48.6909603909255	9.140625
09085209	4257227	37.9747644	-87.5558482
09277010	1283416	27.9890961249135	86.9246435165405
09071690	4155751	28.7505408	-82.5000976
09277279	4154663	25.3128967	-80.9372932
09152944	5815135	47.5001238	-120.5014693
09277913	2071735	-32.25	126.3
08920722	2130038	44	143
08952628	2622009	62	-7
08976799	1179400	31.4166667	73.0833333
09129926	5059163	46.8771863	-96.7898034
09115646	5467328	36.7280583	-108.2186856
09069072	4834272	41.7198216	-72.8320435
09156095	4805686	38.0528884	-81.1039911
09128691	4466033	35.0526641	-78.8783585
09059741	4110486	36.0625795	-94.1574263
08973776	2328926	10	8
08837048	2081918	5	152
08728462	1984333	27.8308333	119.6594444
08805386	3177090	44.826777	11.620713
08970064	2548885	34.05	-4.98
08779149	2205218	-18	178
08779504	660013	64	26
08812166	3176959	43.7666667	11.25
09057930	5294810	35.1980671	-111.6512725
08849549	3337388	51	4.5
09281545	4195430	31.3165691	-84.1790723
09100690	4992982	43.0125274	-83.6874562
09138676	4578737	34.1954331	-79.7625625
08730354	1668285	23.5	121
09284433	2649179	55.75	-3.6833333
08929922	3017382	46	2
08772922	2925536	49.6833333	10.5333333
09094791	4355585	39.4142688	-77.4105409
09152080	4760059	38.3031837	-77.4605399
08824654	5957776	45.945414773	-66.665581601
09093608	4361885	39.000388	-76.749969
08947319	2420477	11	-10
08965598	2453866	17	-4
09063259	5350937	36.7477272	-119.7723661
09037133	4032283	-20	-175
08951513	2755812	53.1666667	5.8333333
08951385	2755812	53.1666667	5.8333333
08951777	2755812	53.1666667	5.8333333
09174908	3595696	14.4772222	-90.8802778
09175016	1864094	35.3666667	138.7333333
08925830	1863967	33.5833333	130.4
08840657	2110394	-8.5166667	179.2166667
08945529	2400553	-1	11.75
09054233	4063619	34.014264	-86.0066386
09038170	2468353	34.425	8.7841667
09073138	4156404	29.6516344	-82.3248262
09285828	3682240	11.1877778	-72.9066667
08777348	3658931	0	-90.5
08701296	736209	40.5666667	21.6
09175322	3682232	9.1630556	-75.0525
09028204	3336902	42.7550795450721	-7.8662109375
08793914	294932	32.9	35.3333333
08929722	3017382	46	2
08892058	2650797	55.0833333	-3.8333333
09115756	5468773	35.5280783	-108.7425843
09144484	4692883	29.3013479	-94.7976959
08889521	2964180	53.2719444	-9.0488889
08945821	2413451	13.5	-15.5
08851500	2797656	51.05	3.7166667
09286630	1202952	22	90
08725692	1810676	38	102
09112282	5101760	40.1670562	-74.4998748
09144730	4693003	32.912624	-96.6388833
09287124	3016598	45.0333333	-0.6
09085441	4920607	41.5933696	-87.3464271
08942392	3016565	43.5	0
08794366	281133	31.5	34.4666667
09081213	5596512	44.5001999	-114.2511761
09032604	2660646	46.2022156980098	6.14569187164307
08808452	3176219	44.4063162526614	8.93385887145996
08948704	3378644	6.8	-58.1666667
09018848	614540	42	43.5
09135590	4558183	39.8309293	-77.2310955
08946187	2300660	8	-2
09288946	5469174	32.9659028	-108.5767197
08892971	2648579	55.8651497187961	-4.25763130187988
09097079	4937829	42.6159286	-70.6619888
08880083	2648404	51.8656800532905	-2.24309921264648
08882224	2648402	51.8333333	-2.1666667
08905186	1271156	15.5019461413296	73.9100933074951
09169801	2031269	44.0010882772262	105.011787414551
08766667	2711537	57.7071623103656	11.9667935371399
08794574	173708	33	35.75
09128808	4468261	35.3848841	-77.9927651
08734853	216281	-1.6791667	29.2227778
09011679	627907	52.4416667	30.9833333
09102016	5037779	46.2502448	-94.2505535
09008130	1506356	57.3202778	62.5841667
09290626	1279688	28.35	85.783
09025863	2517117	37.1881683871318	-3.60666990280151
08960987	2960313	49.75	6.1666667
08846626	2778067	47.0666667	15.45
09099526	5001836	44.2502852	-85.500333
04029125	6301906	29.9725947366501	31.1282587051392
09294066	5826560	44.2335941	-104.6694069
09147964	5242283	44.0003417	-72.7498308
08819397	3422723	72	-40
09128947	4469146	36.0726355	-79.7919754
09138808	4580543	34.8526176	-82.3940105
09129062	4469161	35.2454198	-80.8425711
09104737	4428475	33.4101161	-91.0617735
08874703	2647937	51.4778548825603	-0.0117588043212891
08946909	3580239	12.1166667	-61.6666667
08936180	3014728	45.1666667	5.7166667
08580447	6619209	40.7115893155872	-74.0124678611755
09004992	558418	43.3083333	45.7002778
08838319	4043542	13.4444444	144.7366667
08743370	4005539	20.6666667	-103.3333333
08843735	2108831	-9.75	160
08751126	3579144	16.25	-61.5833333
09430416	6322786	-24.2617492526316	-54.2382068947369
09175459	3888538	-18.4833333	-69.1666667
08725336	1809935	23	113
08750986	3557689	20.1444444	-75.2091667
08737041	3595528	15.5	-90.25
08777130	3657509	-2.1666667	-79.9
08948155	3381670	4	-53
08905751	1270771	22.85	71.5
08905313	1270771	22.85	71.5
09044094	233346	2.7666667	32.3055556
09094919	4357141	39.6417629	-77.7199932
08798062	294801	32.8155556	34.9891667
09164417	1581298	20.8561111	106.6822222
08751494	3723988	19	-72.4166667
08751317	3504558	19	-71
09041582	320995	37.0383333	27.4291667
08827002	6324729	44.6453303558448	-63.5723876953125
08773098	2911521	51.9912229501244	9.56531524658203
08773336	2911298	53.55	10
08771841	2911271	52.1	9.35
08827689	5969785	43.233408354	-79.949639869
08710873	3573197	32.2941667	-64.7838889
08882365	2647554	51	-1.25
08727606	1808926	30.2552778	120.1688889
09106614	4389418	39.7083789	-91.3584816
08773679	2910831	52.3705162650448	9.73322153091431
08999049	57289	9.56	44.065
09121334	5120034	40.8078786	-73.9454154
03496749	4938957	42.5000919	-71.5828445
08927186	248816	31	36
08883476	2647356	50.8529918653483	0.564594268798828
09104894	4429295	31.3271189	-89.2903392
09079505	5855799	19.5005556	-155.5005556
09086173	4862182	42.0002654	-93.5004916
09088301	4272782	38.8791783	-99.3267702
08725926	1808775	39.8897222	115.275
08893223	2647204	57	-7
08995515	109600	24.5	38.5
08703972	1140026	34.34	62.19
08804049	3177364	40.8041944705962	14.3532943725586
08743557	4004898	29.0666667	-110.9666667
08745011	3521081	19.05	-98.2
09135894	5193342	40.2859239	-76.6502468
08882807	2647043	51.8333333	-0.25
09102655	5030005	47.4271546	-92.9376887
08891595	2646943	57.5	-4.5
09078654	5855927	19.7297222	-155.09
09303647	1265340	34	78
08902422	1114958	28	76
08707145	4294895	37.5325979	-82.8687738
08925287	1862415	34.4	132.45
09164241	1566083	10.75	106.6666667
08834280	2163355	-42.9166667	147.3333333
08772028	2901625	48.1561235077229	11.9945812225342
08730218	2036892	40.8105556	111.6522222
08949093	2750405	52.5	5.75
09063950	5357527	34.0983425	-118.3267434
08920924	1862185	36	138
08738014	3600949	14.1	-87.2166667
08737716	3608932	15	-86.5
08998451	2108502	-9.4333333	159.95
09084750	4921868	40.0003166	-86.2502707
09100982	4996572	47.1218715	-88.5690118
09306031	4939991	42.2542548	-73.3662214
09144851	4699066	29.7632836	-95.3632715
08708481	3348313	-12.7761111	15.7391667
09306497	3696347	-9.1208333	-77.6038889
09306642	5553576	60.3186111	-139.0713889
09306840	5121521	40.6967694	-74.0281957
08877208	2645425	53.7445995159511	-0.335254669189453
09307140	2646437	53.545407634093	0.104713439941406
08726072	1806691	28	112
08952190	719819	47	20
09156241	4809537	38.4192496	-82.445154
09054350	4068590	34.7303688	-86.5861037
09331535	4996884	44.0833438	-82.7916067
08976913	1382731	30.4777778	72.2402778
08904269	1269843	17.3752778	78.4744444
08974330	2339354	7.3877778	3.8963889
09018647	2510769	40	-4
08984567	2510769	40	-4
08953324	2629691	65	-18
08953151	607255	80.1333333	32.5833333
09309456	3433488	-25.6898778261668	-54.4436931610107
09082540	4896861	40.0003204	-89.2503681
08788887	256601	38.0333333	23.7
09310011	3914282	-15.8333333	-68.5666667
09310162	3914272	-16.65	-67.8
08704665	3277605	44.25	17.8333333
08488833	3938254	-12.9836111	-75.8652778
09106770	4391812	39.0911161	-94.4155068
08991491	4034894	-13.5833333	-172.3333333
09311710	2125263	70.8	148.9
08731606	1579995	16	107
08909537	6262789	-7.4994444	110.8061111
09312231	1482477	34.6108333	72.7788889
08847024	2775220	47.2626600380713	11.3945388793945
09032843	2660253	46.6833333	7.85
09042924	311044	38.4621917230683	27.09228515625
08910668	130758	32	53
09315870	1321849	15.8333333	95.1
09316066	1524297	61.0666667	68.8666667
08806142	3175455	40.7166667	13.9
09316312	3012716	44.9833333	4.85
08966820	2378080	20	-12
08975902	1168579	30	70
08893868	2646017	55.8	-6.2
08887716	3042258	54.0531909289636	-4.81561660766602
09479238	2633939	50.6666667	-1.3333333
08792548	294640	31.5	34.75
08792295	294640	31.5	34.75
08801678	3175395	42.8333333	12.8333333
09121814	5122432	42.4406284	-76.4966071
08784746	261707	38.4	20.6666667
09042322	311046	38.4072222	27.1502778
08903487	1269633	23.1669748590236	79.9500632286072
09159859	5828648	43.4799291	-110.7624282
09140781	4632595	35.6145169	-88.8139469
09101127	4997384	42.245869	-84.4013462
09073258	4160021	30.3321838	-81.655651
08798195	293253	32.0333333	34.75
08704116	1139715	34.42	70.45
08753933	3489940	18.25	-77.5
08753729	3489941	18.25	-77.5
09321180	4766473	36.9415369	-76.4435588
09320985	5228788	42.8713859	-97.2906104
09150448	4766510	37.2082034	-76.7741258
08920381	1861060	35.6853569043379	139.753088951111
08921850	1861060	35.6853569043379	139.753088951111
08908248	1642673	-7.4916667	110.0044444
08994834	105343	21.5169444	39.2191667
09026204	2516326	36.6833333	-6.1333333
08927836	284899	31.8666667	35.45
09043802	233114	0.4244444	33.2041667
09000665	993800	-26.2	28.0833333
09060176	4116834	35.8422967	-90.7042791
09321901	248816	31	36
08799123	283445	31.5833333	35
08799271	283445	31.5833333	35
08761039	2619218	56	9.25
09079747	5847357	20.55	-156.6
09170294	933699	-23	22
09101233	4997787	42.2917069	-85.5872286
09005153	553915	54.5358333	36.2705556
09322930	1268235	30.9166667	79.5833333
08735008	214479	-7.3666667	22.1833333
09323085	4810621	39.1989653	-81.4601209
09323221	1283259	27.7037436515463	88.1471729278564
08704409	1138336	31.61	65.7
08719705	1241622	7.2963889	80.635
09087599	4273857	38.5002888	-98.5006275
09323470	4273849	39.1152819	-94.6105121
08977211	1174872	24.8666667	67.05
09323824	1267875	34	78
08914573	94824	32.5977778	44.0161111
08779830	654180	63.0947584622411	30.5859375
08902196	1267702	16	75
09324474	2242333	-3.0333333	16.95
08986905	289688	25.5	51.25
08986691	289688	25.5	51.25
08984010	3096472	50.2666667	19.0166667
08974468	2334802	12.9977778	7.5994444
09079875	5848511	21.9436111	-159.4938889
09014470	598316	54.9	23.9
09019726	1522867	48	68
09008333	551486	58.5438019	33.0536143
09124399	5122732	40.6398262	-73.7787443
09153873	5799610	46.2112458	-119.1372338
08882934	6693054	51.166804488366	0.667376518249512
08928193	192950	1	38
09134386	6254927	40.2724534393745	-76.9056701660156
09005457	2022890	48.4808333	135.0927778
09005273	2022888	55	134
09016860	706483	50	36.25
09325963	157452	-3.0666667	37.3666667
09000854	990930	-28.7333333	24.7666667
08906374	1282988	28	84
08764107	3144096	62	10
09031233	934841	-26.5	31.5
08765890	2661886	62	15
09036452	1605651	15	100
09124732	5123477	41.9270367	-73.9973608
08827853	5992500	44.2297640782947	-76.4809799194336
08989556	3577887	13.1333333	-61.2166667
08735164	2314302	-4.3297222	15.315
09020440	1527747	41	75
08840749	4030945	-5	-170
08914850	94787	35.4680556	44.3922222
09326139	4160983	28.3046829579976	-81.4166736602783
08928742	191245	-0.1	34.75
08925700	1859307	33.8333333	130.8333333
09326299	212508	-2	29.1666667
09014066	598098	55.7172222	21.1175
09326467	5735237	42.6665257	-121.7508467
08830720	5993434	64.050858056	-139.441966292
09175767	2124442	56.0666667	160.6333333
09140993	4634946	35.9606384	-83.9207392
08924913	1859172	32.8666667	129.0166667
09326844	5866573	57.3961111	-153.4833333
08837457	2082038	6.9638889	158.2083333
09030096	371853	13	29.5
08816807	831053	42.5833333	21
08929243	285570	29.5	47.75
09175915	1639433	-6.1166667	105.4
09327881	1280792	36	84
08946715	2298894	4.8538889	-2.0841667
09328148	805207	44.4105556	39.4155556
09038990	126585	37	44
09005611	538560	51.7302778	36.1938889
08839714	2080285	8.7166667	167.7333333
08956305	1841811	35.1547222	126.9155556
08971693	972062	-29	30
08925093	1857910	35.02106999142	135.75385093689
08921392	1857892	33	131
09090825	4331987	31.000467	-92.0003987
08819883	5994839	52.9462589006922	-66.9113731384277
08787695	258656	36.5833333	22.6666667
09331819	537232	61	31.5
08837552	6269450	13.8914110927461	144.9755859375
09091538	4330145	30.2240897	-92.0198427
09085830	4922462	40.4167022	-86.8752869
08974604	2332459	6.4530556	3.3958333
08977428	1172451	31.5497222	74.3436111
08873412	2645022	54.5	-3.1666667
09332050	4998574	42.2208699	-86.369469
09332246	369348	22.8333333	32.5
09377861	4166833	26.9378346	-80.8122829
09332598	515236	61.5	35.75
09332770	6048611	43.750122173	-77.999514119
09333171	5011627	47.4993504	-88.0006601
09333512	175122	-6	29.5
09333905	2665172	58.9166667	13.5
09480428	6048815	52.13191129	-97.261757505
09080006	5850056	20.8416667	-156.9177778
08884806	2644972	54.0474969742283	-2.80031204223633
08873269	2644972	54.0474969742283	-2.80031204223633
08726582	1804430	36.0563889	103.7922222
09159958	5830007	42.833014	-108.7306725
08956760	1655842	18	105
08957212	604733	68	25
09160056	5830062	41.3113669	-105.5911007
09145083	4705349	27.506407	-99.5075421
09176342	5428075	37.8250103	-104.7485947
08806735	3174976	42	12.5
09013074	458258	57	25
09336702	3847394	-26.5	-68.5333333
09032981	2659994	46.5159963488544	6.6328239440918
09088556	4274277	38.9716689	-95.2352501
09132266	4540737	34.6086854	-98.3903305
08957381	272103	33.8333333	35.8333333
08879028	2644689	51.2333333	0.6166667
08884012	2644668	52.6333333	-1.1333333
08879197	2644668	52.6333333	-1.1333333
08951077	2751773	52.158333	4.493056
08771116	2879139	51.33962	12.371292
08790748	258293	39.9166667	25.25
09337686	536233	56.1333333	46.4833333
09008454	498817	59.8944444	30.2641667
08846739	2772400	48.3063888888	14.286111111
09028367	3883387	-43.0166667	-72.65
09026360	3118532	42.6	-5.5666667
08743691	3998655	21.1166667	-101.6666667
08783583	258466	39.2290618625307	26.1090087890625
09093187	4969398	44.100351	-70.2147764
09081955	5598538	46.4165506	-117.0176569
09097283	4941935	42.4473175	-71.2245003
09089782	4297983	37.9886892	-84.4777153
09338712	1283128	27.9631343543739	86.9330978393555
09385586	255730	38.5333333	22.6166667
08959254	2275384	6.5	-9.5
08959683	2215636	25	17
08960548	3042058	47.1666667	9.5333333
08851687	2792413	50.6411875982987	5.57178497314453
09013603	457954	56.5166667	21.0166667
09013830	597427	56	24
08808292	3174725	44.5	8.8333333
08936476	2998324	50.6333333	3.0666667
08855909	3458571	-27.05	-48.8666667
08889657	2962943	52.6647222	-8.6230556
08942965	2998268	45.5	1.8333333
08884191	2644487	53.2333333	-0.5333333
08765771	6453404	58.0663982993904	7.24065874000679
09137032	5224323	41.7503782	-71.4997825
08877382	2644210	53.410580680167	-2.97793865203857
09012898	457850	58	26
08818736	3215733	46.223686	14.457611
09341673	3882834	-24.7166667	-68.55
08708609	3372346	-12.3197222	13.5997222
08984122	3093133	51.75	19.4666667
08764899	3147088	68.4711111	13.8636111
09342729	6081596	60.565976458	-140.387444803
09026499	3118150	42.4666667	-2.45
09342937	2997872	47.2666667	-2.1833333
08808614	3174618	45.6666667	9.5
09141526	4736286	31.2504424	-99.2506061
08943104	2997551	49	6
09089923	4299276	38.2542376	-85.759407
03692942	2997319	48.8604022303183	2.33844637870789
09463362	1536852	57.5858333	85.3530556
08727230	1550044	34.7041667	119.1083333
09145217	5525577	33.5778631	-101.8551665
08773880	2875601	53.8689270437681	10.6872940063477
08984223	765876	51.25	22.5666667
08904533	1264733	26.85	80.9166667
09145341	4708308	31.3382406	-94.729097
08766571	2693678	55.702802466167	13.1927347183228
08727396	1801722	38.8	121.2666667
09166304	2264397	39.5	-8
08980814	1704846	16	121
08788004	4813441	38.6545397	-81.0342756
09151114	4771075	37.4137536	-79.1422464
08936647	2996944	45.75	4.85
08945110	2996941	45.75	4.5
08780720	3041732	60.1	19.95
08915372	718075	41.8333333	22
08961630	718075	41.8333333	22
09344863	6063271	69.349995504	-133.905637814
09077556	4207400	32.8406946	-83.6324022
08962187	1062947	-20	47
08961970	888050	-19.5	32.7333333
09345127	3457492	-21.0333333	-53.2166667
08985559	2266877	32.6666667	-16.75
08985724	2266877	32.6666667	-16.75
08905467	1264528	13	80.25
09345265	3678506	6.2833333	-75.2
08597323	2219875	30	5
09103943	4436296	32.7504114	-89.750357
08905936	1264419	18	74
08974818	2331447	11.845	13.16
09092497	4971068	45.5003249	-69.2497714
09024844	2512989	39.5693907933761	2.65023708343506
09346284	1283087	27.9166667	87.1333333
08763765	2309527	3.75	8.7833333
09026614	2514256	36.7201559059499	-4.42034482955933
08962610	927384	-13.5	34
08963369	1733045	2.5	112.5
08965055	1282028	3.2	73
08965251	1282028	3.2	73
08965475	1282027	4.17710766624821	73.5098648071289
08766455	2688845	57.8166667	16.7
08966408	2562770	35.9166667	14.4333333
08966239	2562770	35.9166667	14.4333333
09111955	5089178	42.9956397	-71.4547891
08876975	2643123	53.4809464283615	-2.23743438720703
08722844	2035836	49.6	117.4333333
08715952	1311874	22	96.0833333
09120594	5125771	40.7834345	-73.9662495
08902321	1263706	25	94
08823968	6065171	55.000191905	-97.00049444
09102781	5036420	44.1635775	-93.9993996
08774073	2873891	49.4883333	8.4647222
09131324	5161723	40.75839	-82.5154471
09162803	3633009	10.6316667	-71.6405556
09162955	3632998	10.2469444	-67.5958333
08809384	3174004	43.5	13.25
09347208	257661	37.05	25.25
09101495	5000947	46.5435442	-87.395417
08970189	2542997	31.63	-8
08936833	2995469	43.3	5.4
08943242	3570312	14.6666667	-61
08911868	1158839	26.8166667	62.5833333
03725968	4943351	42.3595417	-71.0917185
08777919	330546	15.6097222	39.45
08743786	3996427	25.45	-105.4333333
09349192	2659729	45.9762077822132	7.65824317932129
09080146	5850862	20.5819444	-156.375
09176446	5850911	19.8236111	-155.4708333
08967484	934292	-20.3	57.5833333
08967329	934293	-20.3	57.5833333
08716076	6301054	16.5	97.6166666666667
08943461	6454287	48.3	-0.6166667
08743945	3996322	23.2166667	-106.4166667
09035632	154380	-8.9	33.45
08994090	104515	21.4266667	39.8261111
08910106	1214520	3.5833333	98.6666667
08733291	3674959	9.4	-75.4
09133775	5740099	42.3265153	-122.8755949
09097461	4943629	42.4184296	-71.1061639
09350524	1574717	10.3333333	106.6666667
08836630	2194172	-10	160
09073584	4163971	28.0836269	-80.6081089
08833809	2158177	-37.8139965641595	144.963322877884
09141119	4641239	35.1495343	-90.0489801
08899351	352547	29.8666667	31.25
09351257	3880035	-31.9833333	-70.2333333
08740367	3523349	20.9666667	-89.6166667
09105156	4435764	32.3643098	-88.703656
09351647	5089478	42.8650864	-71.4934004
09058071	5304391	33.4222685	-111.8226402
08916316	99237	33	44
08805801	2524170	38.193268	15.54969
09353437	2994109	47.9833333	5.55
08744105	3996069	32.6519444	-115.4683333
08740875	3996063	23	-102
09073697	4164138	25.7742658	-80.1936589
08836886	2081918	5	152
08564307	5832330	43.4113604	-106.2800243
08943601	2993966	44	3.75
09145553	5526337	31.9973456	-102.0779147
08809165	3173435	45.4642693810258	9.1895055770874
09354780	5666212	48.0572405	-106.3186412
09158268	5263045	43.0389025	-87.9064736
08980920	1699597	8	125
08981123	1699590	13.2055556	120.8997222
09102883	5037649	44.9799654	-93.2638361
09356080	4436296	32.7504114	-89.750357
09109333	5666639	46.872146	-113.9939982
09105821	4398678	38.2503112	-92.5004614
09356320	4398665	38.8136597	-90.1198297
09356639	4076630	30.6560241	-88.0311088
09054480	4076598	30.6943566	-88.0430541
08971025	1036973	-18.25	35
09170996	5373965	35.0524699	-118.1739645
09014586	617790	47	29
09083949	4902476	41.5067003	-90.5151342
08809492	6540018	41.630828	14.492925
09080273	6619302	21.1575190914037	-156.978149414062
09009372	810640	49.3525	40.495
08909233	1636629	-2	128
08928933	186301	-4.05	39.6666667
08967868	2993458	43.7333333	7.4166667
08968879	2029969	46	105
08968677	2029564	47	103
09357580	5201688	40.2031265	-79.9261603
09101639	5002344	41.9164343	-83.3977101
09091668	4333670	32.8151348	-92.2056923
09108164	5667009	47.0002454	-109.7510212
09064080	5374361	36.6002378	-121.8946761
08744509	3995465	25.6666667	-100.3166667
08829533	6077243	45.5088375	-73.587809
08711300	3578098	16.7333333	-62.1833333
08758679	3070359	49.5	17
09156666	4815352	39.629526	-79.9558968
04378842	5543460	37.6272053	-112.1465828
08713285	3430545	-34.6425	-58.6180556
09113611	5101426	40.4251074	-74.2537564
08915017	99072	36.335	43.1188889
09378529	734890	40.09	22.36
08982289	1693517	15.1366667	120.3561111
09405169	5042608	48.6129906	-93.3487579
09417668	5768645	43.8802654	-103.4588021
09431569	5571124	41.4093201	-122.195009
09431902	5438566	39.2249903	-106.1697431
09435512	351820	28.5391398083131	33.9749622344971
09177883	3164481	40.8229263	14.4287377
09479072	5409018	36.5782684	-118.2934244
09479811	5843469	43.1668954	-109.6515387
08774227	2867714	48.1374325498109	11.5754914283752
08894011	2641992	56.4166667	-5.9
09085967	4924006	40.1933767	-85.3863599
09008723	524305	68.9716667	33.0819444
09363420	2065165	-35.3666667	139.3666667
08975106	286963	21	57
09132474	4543338	35.7478769	-95.3696909
09364249	1280524	36.4166	87.4133
09035735	152224	-2.5166667	32.9
08787049	257059	37.7194729452772	22.7456903457642
08904731	1262321	12.3072222	76.6497222
08793746	282615	32.2211111	35.2544444
09364426	3843493	-27.2833333	-68.5166667
08923586	1856215	36.65	138.1833333
08925957	1856177	32.755	129.8683333
08923755	1856057	35.1814727966958	136.906409561634
08995242	103644	25	44.5
08929102	184622	-0.2833333	36.0666667
09008993	6300992	43.5127777777778	43.6366666666667
08699654	3355338	-22	17
09364778	2155851	-30	148.1166667
09082058	5601933	43.5407172	-116.5634624
08851830	2790471	50.4666667	4.8666667
09364954	1608449	15.7	100.15
08727806	1881459	30.1188889	121.0722222
08727945	1799869	22.8166667	108.3166667
08823156	6085772	49.166337382	-123.936012692
08936996	2990999	48.6833333	6.2
08728066	1913471	21.9749714	112.3880003
08937109	2990969	47.2172508193978	-1.55336380004883
09098592	4944903	41.2834563	-70.0994605
08805565	3172394	40.8333333	14.25
08886037	2641874	52.3833333	-0.9833333
08856037	3456386	-17.9	-40.55
09105260	4437982	31.5604442	-91.403171
08841483	2110425	-0.5333333	166.9166667
08841209	2110426	-0.5333333	166.9333333
08794193	294098	32.7036111	35.2955556
09367827	2866784	49.5152778	8.4402778
09171560	294886	30.5	34.9166667
08788190	256558	37.8166667	22.6666667
09368479	4276136	37.5667181	-95.2835895
09369844	522422	59.9444444	30.31
08988216	3575263	17.15	-62.5833333
09160775	2134431	-16	167
09113762	5101798	40.735657	-74.1723667
09124845	5128654	41.5034271	-74.0104179
08879388	2641679	52.4333333	-3.1166667
08825211	6354959	52	-56
08895497	2641596	52.0166667	-4.8333333
09137682	5223593	41.4901024	-71.3128285
09119277	5128581	40.71427	-74.00597
09370773	5128723	43.0944999	-79.0567111
09370552	5128733	43.2622766	-79.0703253
08504151	745026	40.4286111	29.7211111
08738820	3617476	13	-85
08937251	2990440	43.703126104186	7.26608276367188
08765623	3133880	63.4305242970809	10.3949761390686
09371151	2328928	5.55	6.55
08973330	2440476	16	8
08950787	2750053	51.8425	5.852778
09371360	226044	2.1886111	31.3666667
08919475	99072	36.335	43.1188889
09371816	5073930	42.7547231	-98.0286823
09058219	5306611	31.3403775	-110.9342532
08744626	3522695	21.8833333	-99.6166667
09056055	5870133	64.5011111	-165.4063889
09150863	4776222	36.8468146	-76.2852183
08944561	2990109	49	0
08964288	1733039	5.5	117
08885921	2641430	52.25	-0.8833333
08885773	2641429	52.25	-0.8333333
08563990	5129276	41.9167594	-73.5662363
09165613	895949	-15	30
08884328	2641235	55.25	-2
08886147	2641234	55	-2.5
08564139	5203870	41.8125739	-77.0763569
08967176	2377450	18.1194444	-16.0405556
09009174	520555	56.3286733202717	44.002046585083
09010300	1496747	55.0411111	82.9344444
08504375	350981	20	32
08707710	2589581	28	3
08825664	6091732	70.167838385	-90.733246528
08774374	2861650	49.4477778	11.0683333
09030382	369004	12.05	24.8833333
09176732	206875	-1.4097222	29.2069444
09176844	206850	-1.52228562209531	29.2490386962891
09080554	5851609	21.4333333	-157.9666667
09064264	5378538	37.8043722	-122.2708026
08744750	3526621	16.5	-95.4666667
09375891	1496421	54.9913889	82.7175
08835875	6255151	-18.3128108464254	138.515625
09376979	3090320	53.5333333	14.6333333
09017005	698740	46.4774726081453	30.7326221466064
09145655	5527554	31.8456816	-102.3676431
09147504	5779206	41.223	-111.9738304
09377315	5165418	40.2503398	-83.0001841
09131654	4544379	35.5003375	-97.5005945
08924400	1854346	26.7	128.1833333
09148970	6254928	37.5481160131894	-77.4467468261719
09110229	5074472	41.2586096	-95.937792
09030596	365137	15.6361111	32.4372222
08923884	1854128	35.2166667	138.6166667
09010565	1496153	55	73.4
08827126	6093943	49.250135627	-84.499834324
08986374	2264452	38.7833333	-9.2
08706663	2485926	35.6911111	-0.6416667
09379705	3363267	-28.6333333	16.45
09379938	3631298	8.6166667	-62.25
08906053	1261029	21	84
08744871	3522308	18.2333333	-92.1166667
09074140	4167147	28.5383355	-81.3792365
08944818	2989318	47.8333333	2
08937414	2989317	47.9166667	1.9
08933621	6455343	48.75	2.4
09093315	4974313	44.8831249	-68.671977
08912559	121801	37.5527432804597	45.0760459899902
09380299	4402051	38.4500417	-91.8668398
08924023	1853909	34.6937398415059	135.502181947231
08856162	3455775	-23.5325	-46.79166667
08758487	3068799	49.8346452000378	18.2820440791588
09380588	6094817	45.4209405046496	-75.6902861595154
09087352	4870380	41.0200145	-92.4112963
09380817	4125053	33.8523265	-92.8293307
08970318	2540483	34.68	-1.91
09381048	2640819	52.7833333	0.3833333
09026780	3114711	43.3666667	-5.8333333
09090128	4303436	37.7742152	-87.1133304
08877807	2640729	51.7522210025796	-1.25596046447754
09077681	4214538	33.6190031	-83.8674052
03868509	2640729	51.7522210025796	-1.25596046447754
09382362	4105601	36.40896	-93.725193
08813156	3171728	45.415194	11.881808
09090271	4048662	37.0833893	-88.6000478
08775439	2847618	49.6666667	7.5
08978161	1559582	6	134
08811473	2523920	38.115819808927	13.3597612380981
08713655	3842181	-35	-63
08739206	3703430	9	-80
08990203	4033936	-17.5333333	-149.5666667
09384771	3393126	-1.5	-48.9166667
08978343	3437598	-22.9933333	-57.9963889
09384921	3393053	-2.3166667	-45.45
09145751	4717560	33.6609389	-95.555513
03890713	6457252	48.8486908801625	2.34362840652466
09156889	4817641	39.2667418	-81.5615135
09385416	3455063	-20.1166667	-51.0833333
03893732	734745	40.1166667	23.8166667
08978821	130758	32	53
09064594	5381396	34.1477849	-118.1445155
08711468	3841798	-44	-68
09114020	5102466	40.9167654	-74.171811
08788588	255683	38.2444444	21.7344444
09388121	5483680	35.5742031	-105.6750161
08790495	6697807	37.6272843026801	22.4395751953125
04512476	5205409	40.5400689	-78.4086255
09389601	4974967	44.4645203	-68.7111393
09074596	4168228	30.421309	-87.2169149
03912496	4778469	38.8709455	-77.0552551
09084075	4905687	40.6936488	-89.5889864
09389999	2538499	35.91	-5.42
09042451	321426	39.1207383989506	27.1805191040039
08856475	3392269	-8.7833333	-37.7
08913085	110836	29.9368	52.89
08834806	2063523	-31.9333333	115.8333333
08979054	3932488	-10	-76
08977527	1168197	34.0077778	71.5733333
09152218	4778625	38.9092781	-78.0533307
08919693	272103	33.8333333	35.8333333
08915660	736250	41.0333333	24.3333333
08980300	1694011	13	122
08981244	1694008	13	122
08714795	728193	42.15	24.75
08944089	2987375	50	3.5
09052100	4083004	33.9245454	-85.6113501
08809749	3170831	45	8
08757791	3068160	49.7474748191057	13.3775874056586
09392507	1151179	7.8166667	99.15
09011820	623549	52.1213889	26.0727778
08809910	3170647	43.7175198673308	10.3964996337891
09392961	3840961	-27.7833333	-68.85
09136582	5206379	40.4406248	-79.9958864
09097599	4947459	42.4500846	-73.2453824
09145851	4719457	33.0198431	-96.6988856
09395592	5075315	41.5500109	-97.483656
09098721	4947597	41.9584367	-70.6672577
09396150	3170550	44.9747222	12.0544444
09082158	5604045	42.8713032	-112.4455344
08944224	2986493	46.6666667	-0.5
08982587	798544	52	20
08841667	4030656	-15	-140
08803883	3170336	40.75	14.4833333
08879680	2639995	53.7333333	-2.15
08701719	641017	61.0666667	28.3333333
09133895	5746545	45.5234515	-122.6762071
09093472	4975802	43.661471	-70.2553259
08752814	3702565	7.55	-80.3166667
09151216	4779999	36.8354258	-76.2982742
09112123	5091383	43.0717552	-70.7625532
08984788	2264397	39.5	-8
09398217	5280611	40.1528502	-80.5292371
08774546	2852458	52.3988578212902	13.0656623840332
09398533	1798548	28.9833333	116.6666667
09058635	5309842	34.5400242	-112.4685025
08775784	771779	54.2877778	20.4966667
09114128	5102922	40.3487181	-74.6590472
04003453	5102922	40.3487181	-74.6590472
08993144	2410877	1.6166667	7.4166667
08944960	6427085	43.788538401029	4.83209609985352
09147618	5780026	40.2338438	-111.6585337
09068320	5435464	38.2544472	-104.609141
08902894	1259223	31	76
09176955	3775257	5.86	-74.3525
09401340	6318301	-9.432777778	-70.49333333
08956574	1838523	35.701278	128.025241
09401474	3112616	42.6666667	1
08829317	6325494	46.8122791164294	-71.2145376205444
08829071	6115047	52.000168346	-71.999072249
09123182	5133266	40.7498243	-73.7976337
08832691	2152274	-20	145
08912703	119208	34.6452778	50.8808333
09158501	5268249	42.7261309	-87.7828523
09403581	1167314	36.1666667	74.5
09001881	6296895	-26.242506	28.151169
08715777	1298824	16.8052778	96.1561111
09405515	4781039	38.6667868	-78.1497218
08912153	118743	37.2794444	49.5858333
08977665	1166993	33.6	73.0666667
08880223	2639577	51.4333333	-1
09405949	4721944	31.9540346	-99.0664469
09064729	5570160	40.5865396	-122.3916754
08710219	3576037	16.9166667	-62.3166667
08707332	2483761	26.7	0.1666667
08830005	6119109	50.45008005	-104.61779794
08937594	2984114	49.25	4.0333333
09111168	5511077	39.5296329	-119.8138027
08995862	2245662	14	-14
08996483	241170	-4.5833333	55.6666667
08997487	1880251	1.3666667	103.8
08818444	3190538	46.25	15.1666667
09020961	1220409	39	71
09029457	366755	15	30
09037394	2464461	34	9
09039411	298795	39	35
09043052	226074	2	33
09022265	1512440	41	64
09161803	3625428	8	-66
09164561	69543	15.5	47.5
09167101	878675	-19	29
09407632	4277981	39.0599979	-96.8013971
09408540	2661774	47.5	9.55
08775297	3353525	-26.7166667	19.5333333
08783812	400665	36.1666667	28
09408977	2983752	43.3333333	4.8333333
08856266	3451190	-22.90277778	-43.2075
09430771	2638182	51.6116667	-2.6361111
09457020	2636063	51.5	0.4666667
09461515	2635503	53.7	-0.7
09464805	2641673	54.9732787391176	-1.61396026611328
09064861	5387879	37.6379863	-120.9482659
08939201	2983390	43.75	7.5
09151411	4782167	37.2709704	-79.9414267
09125203	5134086	43.1547845	-77.6155568
09103112	5043473	44.0216306	-92.4698992
09084196	4907959	42.2711311	-89.0939952
09416570	5670292	45.9988155	-112.4461283
08813978	798549	46	25
08713405	3838585	-31.05	-64.1166667
08763387	3575635	15.3	-61.4
08774704	2844588	54.0886975425419	12.1404933929443
09009490	501175	47.2363889	39.7138889
09116214	5488441	33.3942655	-104.5230242
08950907	2747891	51.9225	4.479167
08815046	49518	-2	30
08644552	3168821	44.1685995038652	12.4425315856934
09417560	2843202	51.45	6.7333333
08776138	2843202	51.45	6.7333333
09002630	2017370	60	100
09003284	2017370	60	100
09007723	2017370	60	100
09006413	2017370	60	100
09148871	5240509	43.6106237	-72.9726065
09418169	2842699	52.1333333	9.75
08749167	3513314	17.6333333	-63.2333333
09418331	4724542	29.7199416	-93.871554
08769179	2842568	49.3	10.65
09038272	2467454	34.7405556	10.7602778
09101753	5007989	43.4194699	-83.9508068
09172283	2461915	26	-13
08958212	268064	33.5630556	35.3688889
08838070	4041550	15.1925	145.7480556
09420273	3906108	-18.1	-68.9
08900047	349608	29.85	31.2166667
09099264	4950065	42.51954	-70.8967155
08904858	1257628	15.7	73.9166667
09088718	4278890	38.8402805	-97.6114237
09420423	5606275	45.1757547	-113.8959008
08789605	734771	40.5833333	23.0333333
08846885	2766824	47.7994056435064	13.0439901351929
08910230	1961844	-7.0113889	110.4111111
09022667	1512927	40.4333333	67.9666667
08799462	3779156	3.8308333	-76.0958333
09421191	3033361	50.0333333	3.7166667
08991182	4035072	-14	-171
09165464	71137	15.3547222	44.2066667
09177103	3651863	-1.9666667	-78.3666667
08752671	3492914	19.45	-70.7
08750822	3536729	20.0247222	-75.8219444
01293832	3536729	20.0247222	-75.8219444
08856630	3449433	-23.96083333	-46.33361111
09423754	2976083	45.7333333	4.8333333
08925552	2128295	43.0547222	141.3538889
09027679	3104324	41.6560643302881	-0.877339839935303
08818247	6299696	43.824583	18.331467
09074707	4172131	27.3364347	-82.5306527
09009693	498677	51.5666667	46.0333333
08964474	1733038	2.5	113.5
08810786	2523228	40	9
08810631	2523227	40	9
09042675	4490363	35.126257	-80.7761814
08829775	6141242	54.000102714	-106.00099262
08830116	6141256	52.116786331	-106.634521548
09077821	4221552	32.0835407	-81.0998342
09424865	4595090	32.0377132	-80.8501103
08945277	6474022	43.55026894	7.027020992
08760856	2614165	63	12
08760510	2614165	63	12
09425835	3301577	51.3666667	4.25
09125354	5136454	42.8142432	-73.9395687
09166534	3066138	51	18
09031653	2658434	47.0001583752864	8.01426887512207
08890097	2638360	56	-4
09136929	5211303	41.408969	-75.6624122
09154178	5809844	47.6062095	-122.3320708
09017168	694423	44.6	33.5333333
09107950	4408000	38.7044609	-93.2282613
08761697	2613979	55.5	11.75
09429752	2975252	49.4333333	0.4333333
09054616	4089114	32.4073589	-87.0211007
08816969	6290252	44.818924690689	20.4599761962891
08986526	2262963	38.5243985895361	-8.88819694519043
09430990	6144565	44.755908521	-79.506335885
09027089	2510911	37.3772222	-5.9869444
08996284	241171	-4.5833333	55.6666667
09431133	300997	37	35.3044444
08728268	1796236	31.2222222	121.4580556
08880375	2638077	53.3829700049879	-1.46590232849121
09146324	4728328	33.6356618	-96.6088805
08954057	2638010	60.3333333	-1.3333333
08921613	1852487	33.75	133.5
08912279	115018	37.4344	45.9095
09092352	4341513	32.5251516	-93.7501789
09005712	2016590	60	100
08726305	1794299	30.5	102.5
08811215	2523119	37.75	14.25
08810999	2523118	37.5	14
08902569	1256312	27.75	88.5
09172751	355182	29	34
08896645	350564	28.5557739470064	33.9761316776276
08997310	1880249	1.3666667	103.8
08729626	1923538	26.0152778	114.5244444
08810051	2523083	37.085147	15.272996
09056278	5557293	57.0530556	-135.33
08906952	1280231	33	92
09436299	2960845	57.75	9
09056476	5557317	59.4583333	-135.3138889
08961852	785842	42	21.4333333
08759013	3057568	48.6666667	19.5
09009816	491687	54.7816667	32.04
09438554	5838752	44.1080017	-110.3143624
08795654	293611	31.0722222	35.4
09121619	6482478	40.7215	-74.0043
08875057	6944349	51.5152	-0.1315
08733563	3779686	8.9441667	-76.2997222
09439879	2644680	50.8	-1.2
08771277	2831580	51.1833333	7.0833333
08997976	4369872	38.3184577	-76.4541186
08998560	51537	6	48
08988333	3573387	18.6	-63.4333333
08883179	6467434	51.5229	-0.1607
09029242	6390657	-7.3158333	109.2808333
09038439	2464915	35.8255556	10.6411111
09002433	953781	-26.2666667	27.8666667
08787240	253394	37.0733333	22.4297222
08764717	2728573	78.75	16
08819016	3190261	43.5089077621721	16.439151763916
09154607	5811696	47.6587803	-117.4260466
09152401	4786946	38.200965	-77.589154
09108055	4409896	37.215326	-93.2982436
09097707	4951788	42.1014831	-72.589811
08894133	2637145	56.4166667	-6.3333333
09010085	472757	48.8047222	44.5858333
04302740	5398563	37.424106	-122.1660756
08765460	3137115	58.9666667	5.75
08656750	2636812	51.1788587232005	-1.82641267776489
09463547	1536852	57.5858333	85.3530556
08937850	2973783	48.5833333	7.75
08774912	2825297	48.7823242931971	9.17701721191406
08853612	3903987	-19.0430556	-65.2591667
08828151	5964700	46.4900017267563	-80.9900093078613
08900204	359796	29.9666667	32.55
08908954	1626198	0	102
08918248	90525	32.153756	44.993541
08880713	2636532	54.7	-3.2666667
09158649	5275191	46.7207737	-92.1040796
08958334	267008	33.2733333	35.1938889
08884961	2636512	51.25	-0.3333333
09452017	4370749	39.5403911	-76.0738386
08886432	2636510	50.9166667	-0.0833333
08779375	2198148	-18.1333333	178.4166667
08764561	607072	78	20
08895771	2636432	51.6207876683235	-3.94323348999023
08833295	2147714	-33.8678499639382	151.207323074341
09125528	5140405	43.0481221	-76.1474244
09033333	163843	35	38
08728882	1792947	39.1422222	117.1766667
08745687	3516458	18	-92.6666667
09035852	149658	-5.0166667	32.8
08912427	113646	38.08	46.2919444
08995013	101628	28.3833333	36.5833333
09154731	5812944	47.2528769	-122.4442906
08956461	1835328	34.8888889	128.0727778
09453566	2262787	38.6666667	-9.4
08989941	4033649	-17.6166667	-149.45
08731057	1668295	22.7599121	121.1445688
08995120	107968	21.2702778	40.4158333
08728595	1552307	30.7083333	118.4
09453887	4225658	33.7445499	-85.2880077
08946812	2294877	9.4	-0.8333333
08780380	634963	61.4991132140836	23.7871170043945
09075329	4174757	27.9475216	-82.4584279
08745901	3516354	22.3	-97.85
09035951	149606	-5.0666667	39.1
09035305	149598	-9.1166667	35.65
08970611	2530335	35.78	-5.81
08728749	1793346	39.6333333	118.1833333
09034550	149590	-6	35
09116599	5493811	36.4072485	-105.5730665
08889784	3313991	53.3266667	-7.5541667
08957993	266826	34.4366667	35.8497222
08968390	2029969	46	105
09012735	588335	58.3806247906618	26.7250907421112
08834123	2147292	-42	147
08833981	2147292	-42	147
08721961	3870011	-38.7333333	-72.6
09028643	2510529	28.2898704714236	-16.622314453125
09140148	4662168	35.7503468	-86.250271
09455640	4310681	37.0672787	-88.5647687
08745800	3976944	26.2333333	-108.9333333
08801546	2658369	45.15	9.2333333
09457851	3165709	41.7403217339962	12.2337055206299
09146451	4736096	33.425125	-94.0476882
09060615	4133367	33.4417915	-94.0376881
08899776	347342	25.7	32.6833333
08789076	252910	38.325	23.3188889
08789970	252938	39.5	22
08953029	2611396	62.0166667	-6.7666667
08915784	734064	41	25.5
08954443	3831208	77.4894444	-69.3322222
08776320	2822543	51	11
08808077	3165624	41.960922	12.798884
09051898	4789567	37.8551367	-76.6985687
09458791	96998	30.5906370268929	47.7690696716309
08746147	3981609	32.5333333	-117.0166667
08966085	2449067	16.7734800047963	-3.00742149353027
08707431	2476409	35.4891667	6.4677778
08707587	2476403	29.25	0.25
08908739	1623844	-5.3833333	123.6333333
08846135	2763586	47.25	11.3333333
08756052	3573607	11.25	-60.6666667
09459393	3386309	-6.329444444	-47.41638889
08759986	2363686	8	1.1666667
09131428	5174035	41.6639383	-83.555212
09027292	2510409	39.8581006161404	-4.02262687683105
08810220	3165524	45.0704898496472	7.68682479858398
08828432	6167865	43.700113788	-79.416304194
08746023	3981252	28.1166667	-109.9
08811982	3165361	43.4166667	11
08937995	2972328	43.1166667	5.9333333
08938163	2972315	43.6042618680962	1.44367218017578
08938351	2972191	47.3833333	0.6833333
08926231	1849846	34.7666667	137.3833333
08926543	2127641	43.8	143.75
08519916	465524	42	45
09001373	1085595	-26	30
08814781	664661	46.5	25
08812552	3165243	46.0678714011874	11.1210823059082
08755852	3573592	10.5	-61.25
01298162	1849540	34.3333333	129.3333333
09058841	5318313	32.2217429	-110.926479
09463078	947676	-29.1666667	31.4
09132778	4553433	36.1539816	-95.992775
09105390	4448903	34.2576067	-88.7033859
09177249	3868903	-33.4166667	-69.8
09463721	3868901	-33.3666667	-69.7833333
08724545	1517945	43.3333333	68.25
09021503	1218197	40	60
09054797	4094455	33.2098407	-87.5691735
09054915	4094490	32.4240286	-85.6916195
08840374	2110297	-8	178
09082395	5610810	42.5629668	-114.4608711
09464335	5607225	42.5951887	-114.4008694
09146584	4738214	32.3512601	-95.3010624
09009978	1488659	55.75	60.1166667
09014979	690791	49	32
08888181	2960862	54.5	-7
08812732	3165048	43	12.5
08766846	2666199	59.8585015378697	17.6454269886017
08918800	2971371	42.4666667	1.9333333
09467185	1488441	60	60
09084615	4914570	40.1105875	-88.2072697
09160295	3439705	-33	-56
09125629	5142056	43.1009031	-75.2326641
08951278	2745912	52.090833	5.122222
09056677	5877389	61.1308333	-146.3483333
09077977	4228147	30.8327022	-83.2784851
09163077	3625549	10.1805556	-68.0038889
09028477	2509954	39.4697524227712	-0.377386808395386
08938478	2971041	50.35	3.5333333
08722084	3868626	-33.0393201968221	-71.627254486084
09154905	5814616	45.6387281	-122.6614861
08823480	6173331	49.249657393	-123.119340403
08714966	726050	43.2166667	27.9166667
04523380	6691831	41.90225	12.4533
08812952	3164604	45.5	11.75
08813264	3164603	45.4386111	12.3266667
08746475	3514783	19.2	-96.1333333
08813699	3164527	45.434186	10.997788
08938619	2969679	48.8	2.1333333
09471481	473909	56.3041667	46.4180556
08762380	2610319	56.4531891019637	9.40201163291931
08938819	2969392	46.1166667	3.4166667
09105494	4449620	32.3526457	-90.8778821
09471638	879432	-17.9166667	25.85
09146681	4739156	31.5979455	-96.776656
08833682	2145234	-37	145
08823314	6174041	48.432935738	-123.369299678
09078102	4228425	32.2176855	-82.4134614
08939028	2969284	45.5166667	4.8666667
08753561	4568571	18.1474625	-65.4448811
08746636	3514670	17.9833333	-92.9166667
09103803	5051468	47.5232596	-92.5365713
09472135	3081873	54.35	18.95
09010670	2013348	43.1056202305923	131.873531341553
09473239	472776	45.8416667	47.9713889
09473397	472721	60.1294444	32.3405556
09473558	2294237	5.7666667	0.6833333
09473808	4266457	37.7981003	-88.0272534
09146813	4739526	31.549333	-97.1466695
08847165	3334894	47.0333333	15.4333333
09079001	5854380	21.2827778	-157.8294444
08838556	2137718	-21.5166667	167.9833333
09069752	4845193	41.5581525	-73.0514966
08889944	2966911	51.9491667	-7.7252778
08852065	2783985	50.7166667	4.3833333
09158789	5278005	43.1947212	-88.7289918
09125881	5143396	43.9747838	-75.9107565
09158897	5278120	44.9591352	-89.6301221
08771400	2812482	50.9833333	11.3166667
09477567	2658025	46.7666667	9.9666667
08875202	2634549	51.55	-0.2833333
09477718	6254995	52.2261696159531	8.83472442626953
08886636	940408	-25.9166667	24.5666667
09157021	5280854	40.0639616	-80.7209149
09478355	4136110	33.0140144	-91.9956868
08596830	6697762	51.5053768360806	-0.126643180847168
08830882	6180550	60.716114782	-135.053747639
09088989	4281730	37.6922361	-97.3375448
08775053	6296864	50.049819	8.325397
09479635	5760882	45.3442868	-122.6670374
09099411	4955786	42.7120249	-73.2037177
09129187	4499379	34.2257256	-77.9447102
09070363	4145381	39.7459467	-75.5465889
08876773	2633866	51.4221188604712	-0.208053588867188
08880859	2633858	51.0651332044118	-1.31870269775391
08700133	3352136	-22.57	17.0836111
08828627	2179027	-45	170.8
08824152	6183235	49.884398624	-97.147044715
09480556	5279443	42.9894297	-91.1540184
09097871	4956184	42.2625932	-71.8022934
08881017	2633563	52.1893516852187	-2.22001075744629
08775179	2805615	49.7877778	9.9361111
08729283	1791247	30.5833333	114.2666667
09155199	5816605	46.6020711	-120.5058987
04610368	4846179	41.3112082	-72.9264911
09017301	688532	46.9633333	37.2755556
09481285	2033119	42.7147222	124.9208333
09481754	4451815	32.8254112	-90.3784243
08826150	6185377	62.455995109	-114.352546021
09482131	5831491	44.9668798	-110.712155
09482330	1485999	71.8333333	82.6666667
09482566	3925538	-10.2688889	-76.905
08924238	1848356	33.95	135.1166667
08885211	2633349	54	-1.5
09152570	4046946	37.2387556	-76.5096731
09482715	5410935	37.7582583	-119.5951658
09131553	5177568	41.0997803	-80.6495194
08740230	3514210	19.5	-89
08740022	3514210	19.5	-89
09482916	6185818	64.682754935	-141.004585128
08830456	6185811	62.99961549	-135.004040644
09059125	5322053	32.7253249	-114.624397
08726463	1800663	23.3600237	103.4368401
08984457	3080985	50.3166667	18.7833333
08819128	3186886	45.8	16
09483129	1087277	-18.8666667	36.3
09035458	148730	-6.16393694437713	39.1979312896729
08974974	6914665	6.5787	8.8116
08963244	923295	-15.3833333	35.3333333
09033117	2657896	47.3666667	8.55
